33,4
29,4
39,4
88,35
33,1
33,3
29,1
29,3
39,1
39,3
10,126
10,251
10,143
10,73
10,297
10,309
10,161
10,3
11,13
11,12
11,6
11,2
11,3
8,16
8,7
8,18
57,4
57,3
57,2
57,1
57,0
56,6
56,5
56,4
56,3
56,2
56,1
56,0
52,5
52,4
52,3
52,2
52,1
52,0
50,4
50,3
50,2
50,1
50,0
47,5
47,4
47,3
47,2
47,1
47,0
46,3
46,2
46,1
46,0
45,5
45,4
45,3
45,2
45,1
45,0
44,5
44,4
44,3
44,2
44,1
44,0
41,5
41,4
41,3
41,2
41,1
41,0
35,4
35,3
35,2
35,1
34,4
34,3
34,1
27,4
27,3
27,1
24,3
24,1
20,3
20,2
20,1
19,3
19,2
14,5
19,1
14,3
18,3
13,1
13,3
18,1
14,1
14,4
12,3
12,2
12,1
11,30
11,29
11,28
11,27
11,26
11,25
11,24
11,23
11,22
11,21
